0 8 16 18 1
3 0 16 18 1
3 1 16 18 1
3 3 16 18 1
3 4 16 18 1
1 10 16 18 1
3 14 16 18 1
2 15 16 18 1
2 16 16 18 1
3 0 14 13 1
3 1 14 13 1
1 11 14 13 1
3 5 14 13 1
3 6 14 13 1
2 10 14 13 1
1 3 14 13 1
0 16 25 26 1
3 0 25 26 1
3 1 25 26 1
3 3 25 26 1
3 4 25 26 1
3 24 25 26 1
5 10 25 26 1
5 11 25 26 1
5 12 25 26 1
5 13 25 26 1
4 23 25 26 1
3 8 25 26 1
3 7 25 26 1
1 19 25 26 1
0 34 30 36 1
2 33 30 36 1
1 33 30 36 1
1 12 30 36 1
2 3 30 36 1
3 1 30 36 1
3 5 30 36 1
4 7 30 36 1
6 10 30 36 1
6 9 30 36 1
8 8 30 36 1
4 4 30 36 1
2 14 30 36 1
3 15 30 36 1
8 17 30 36 1
6 24 30 36 1
10 29 30 36 1
10 30 30 36 1
0 30 24 32 1
2 29 24 32 1
1 29 24 32 1
2 8 24 32 1
3 4 24 32 1
4 2 24 32 1
5 1 24 32 1
3 11 24 32 1
4 13 24 32 1
2 21 24 32 1
4 17 24 32 1
5 16 24 32 1
3 22 24 32 1
4 24 24 32 1
5 27 24 32 1
9 26 24 32 1
0 17 27 28 1
1 4 27 28 1
3 0 27 28 1
3 1 27 28 1
4 10 27 28 1
4 11 27 28 1
3 9 27 28 1
6 6 27 28 1
6 7 27 28 1
2 13 27 28 1
3 15 27 28 1
5 14 27 28 1
1 18 27 28 1
2 19 27 28 1
4 22 27 28 1
3 24 27 28 1
3 23 27 28 1
2 26 27 28 1
0 14 29 35 1
2 13 29 35 1
3 12 29 35 1
1 13 29 35 1
1 20 29 35 1
3 18 29 35 1
3 19 29 35 1
3 21 29 35 1
3 22 29 35 1
2 16 29 35 1
2 25 29 35 1
3 28 29 35 1
4 30 29 35 1
5 29 29 35 1
4 33 29 35 1
4 26 29 35 1
1 4 29 35 1
3 2 29 35 1
3 1 29 35 1
2 2 29 35 1
5 8 29 35 1
0 3 10 12 1
5 1 10 12 1
1 10 10 12 1
2 6 10 12 1
2 9 10 12 1
0 2 16 16 1
1 0 16 16 1
1 6 16 16 1
4 4 16 16 1
4 7 16 16 1
4 11 16 16 1
5 10 16 16 1
5 14 16 16 1
6 12 16 16 1
6 13 16 16 1
0 3 6 10 1
1 2 6 10 1
1 7 6 10 1
4 1 17 21 1
3 4 17 21 1
3 6 17 21 1
2 4 17 21 1
1 13 17 21 1
4 19 17 21 1
6 18 17 21 1
0 14 24 27 1
3 15 24 27 1
3 16 24 27 1
3 17 24 27 1
5 24 24 27 1
5 25 24 27 1
6 19 24 27 1
1 2 24 27 1
2 3 24 27 1
2 1 24 27 1
2 5 24 27 1
5 4 24 27 1
4 4 24 27 1
0 2 25 23 1
3 1 25 23 1
1 4 25 23 1
3 6 25 23 1
2 6 25 23 1
2 12 25 23 1
5 9 25 23 1
5 10 25 23 1
5 11 25 23 1
3 15 25 23 1
4 18 25 23 1
6 17 25 23 1
6 21 25 23 1
6 20 25 23 1
0 3 27 34 1
5 1 27 34 1
3 2 27 34 1
1 23 27 34 1
2 6 27 34 1
3 4 27 34 1
4 11 27 34 1
5 10 27 34 1
6 9 27 34 1
3 14 27 34 1
4 15 27 34 1
4 21 27 34 1
6 22 27 34 1
5 18 27 34 1
2 24 27 34 1
4 30 27 34 1
5 28 27 34 1
6 27 27 34 1
4 32 27 34 1
0 17 14 19 1
1 16 14 19 1
1 13 14 19 1
2 8 14 19 1
4 7 14 19 1
4 11 14 19 1
4 1 14 19 1
4 3 14 19 1
0 12 14 22 1
2 10 14 22 1
4 20 14 22 1
5 19 14 22 1
4 1 14 22 1
4 4 14 22 1
5 8 14 22 1
5 5 14 22 1
0 6 17 19 1
2 12 17 19 1
4 4 17 19 1
4 16 17 19 1
5 17 17 19 1
5 15 17 19 1
3 16 17 19 1
1 12 17 19 1
1 10 17 19 1
2 9 17 19 1
3 7 17 19 1
0 21 19 23 1
2 20 19 23 1
1 20 19 23 1
1 15 19 23 1
3 17 19 23 1
2 17 19 23 1
3 14 19 23 1
2 1 19 23 1
4 3 19 23 1
6 11 19 23 1
7 7 19 23 1
8 6 19 23 1
7 10 19 23 1
8 9 19 23 1
7 12 19 23 1
0 20 15 24 1
3 22 15 24 1
1 3 15 24 1
2 7 15 24 1
2 6 15 24 1
4 13 15 24 1
5 17 15 24 1
6 16 15 24 1
7 14 15 24 1
3 13 15 24 1
0 34 33 36 1
1 33 33 36 1
1 18 33 36 1
2 22 33 36 1
5 25 33 36 1
4 27 33 36 1
4 31 33 36 1
5 30 33 36 1
7 11 33 36 1
4 24 33 36 1
3 1 33 36 1
7 4 33 36 1
8 3 33 36 1
8 17 33 36 1
9 16 33 36 1
11 12 33 36 1
0 14 16 23 1
1 1 16 23 1
2 5 16 23 1
5 7 16 23 1
5 8 16 23 1
5 9 16 23 1
5 10 16 23 1
1 18 16 23 1
3 21 16 23 1
3 20 16 23 1
3 16 16 23 1
0 40 31 42 1
3 39 31 42 1
1 2 31 42 1
2 4 31 42 1
4 1 31 42 1
3 1 31 42 1
4 7 31 42 1
6 12 31 42 1
9 10 31 42 1
7 16 31 42 1
8 17 31 42 1
9 18 31 42 1
8 14 31 42 1
7 20 31 42 1
8 19 31 42 1
8 28 31 42 1
9 30 31 42 1
10 34 31 42 1
11 33 31 42 1
12 32 31 42 1
11 36 31 42 1
12 35 31 42 1
9 26 31 42 1
10 23 31 42 1
10 24 31 42 1
3 7 31 42 1
3 37 38 54 1
3 38 38 54 1
3 39 38 54 1
3 50 38 54 1
4 52 38 54 1
4 47 38 54 1
6 4 38 54 1
6 49 38 54 1
3 42 38 54 1
4 1 38 54 1
2 8 38 54 1
3 12 38 54 1
4 11 38 54 1
4 15 38 54 1
5 14 38 54 1
5 17 38 54 1
6 25 38 54 1
7 20 38 54 1
8 22 38 54 1
7 31 38 54 1
8 33 38 54 1
7 28 38 54 1
5 7 38 54 1
4 6 38 54 1
0 17 14 19 1
3 16 14 19 1
1 6 14 19 1
2 5 14 19 1
3 3 14 19 1
4 2 14 19 1
4 1 14 19 1
5 0 14 19 1
2 10 14 19 1
3 13 14 19 1
4 8 14 19 1
0 7 15 18 1
3 4 15 18 1
3 5 15 18 1
3 6 15 18 1
1 10 15 18 1
3 16 15 18 1
4 13 15 18 1
5 12 15 18 1
2 9 15 18 1
2 1 15 18 1
0 14 12 16 1
2 11 12 16 1
3 10 12 16 1
4 8 12 16 1
3 5 12 16 1
3 4 12 16 1
4 3 12 16 1
2 5 12 16 1
1 0 12 16 1
3 1 12 16 1
0 14 15 21 1
3 5 15 21 1
4 7 15 21 1
5 8 15 21 1
8 11 15 21 1
7 12 15 21 1
2 0 15 21 1
3 1 15 21 1
1 16 15 21 1
2 19 15 21 1
0 6 6 13 1
1 0 6 13 1
2 3 6 13 1
2 11 6 13 1
3 9 6 13 1
0 17 26 34 1
1 1 26 34 1
2 8 26 34 1
3 7 26 34 1
3 4 26 34 1
4 3 26 34 1
4 2 26 34 1
2 12 26 34 1
3 11 26 34 1
1 14 26 34 1
2 20 26 34 1
3 19 26 34 1
4 16 26 34 1
3 25 26 34 1
4 18 26 34 1
1 22 26 34 1
3 24 26 34 1
2 21 26 34 1
1 28 26 34 1
2 29 26 34 1
3 31 26 34 1
5 32 26 34 1
0 1 14 24 1
1 3 14 24 1
2 6 14 24 1
3 5 14 24 1
3 10 14 24 1
5 14 14 24 1
4 14 14 24 1
3 20 14 24 1
4 19 14 24 1
5 18 14 24 1
4 22 14 24 1
0 19 29 33 1
3 20 29 33 1
3 21 29 33 1
5 29 29 33 1
5 30 29 33 1
5 31 29 33 1
3 24 29 33 1
4 23 29 33 1
4 27 29 33 1
5 26 29 33 1
1 4 29 33 1
2 3 29 33 1
2 12 29 33 1
5 10 29 33 1
7 11 29 33 1
6 11 29 33 1
6 5 29 33 1
3 16 29 33 1
4 15 29 33 1
5 13 29 33 1
2 5 12 15 1
3 2 12 15 1
3 8 12 15 1
6 11 12 15 1
6 12 12 15 1
0 3 7 10 1
1 2 7 10 1
1 0 7 10 1
1 7 7 10 1
2 6 7 10 1
1 8 7 10 1
0 7 17 23 1
1 9 17 23 1
3 0 17 23 1
4 6 17 23 1
5 5 17 23 1
5 4 17 23 1
6 2 17 23 1
2 0 17 23 1
2 16 17 23 1
4 15 17 23 1
5 14 17 23 1
3 15 17 23 1
3 18 17 23 1
4 21 17 23 1
5 20 17 23 1
4 17 17 23 1
0 19 32 38 1
2 6 32 38 1
3 11 32 38 1
4 9 32 38 1
4 12 32 38 1
7 16 32 38 1
7 17 32 38 1
7 18 32 38 1
8 14 32 38 1
4 4 32 38 1
3 5 32 38 1
2 1 32 38 1
1 6 32 38 1
1 21 32 38 1
2 28 32 38 1
1 31 32 38 1
2 30 32 38 1
2 27 32 38 1
1 34 32 38 1
2 35 32 38 1
4 36 32 38 1
0 2 15 16 1
2 1 15 16 1
3 0 15 16 1
1 1 15 16 1
1 6 15 16 1
2 3 15 16 1
4 10 15 16 1
3 10 15 16 1
2 11 15 16 1
5 9 15 16 1
4 14 15 16 1
3 23 23 26 1
3 24 23 26 1
1 7 23 26 1
2 1 23 26 1
4 6 23 26 1
5 4 23 26 1
3 6 23 26 1
3 0 23 26 1
3 10 23 26 1
3 12 23 26 1
3 13 23 26 1
4 17 23 26 1
5 18 23 26 1
7 19 23 26 1
0 3 21 24 1
1 5 21 24 1
2 1 21 24 1
3 0 21 24 1
2 6 21 24 1
3 8 21 24 1
4 7 21 24 1
3 11 21 24 1
4 15 21 24 1
6 13 21 24 1
7 12 21 24 1
5 13 21 24 1
5 18 21 24 1
6 17 21 24 1
7 16 21 24 1
5 22 21 24 1
6 21 21 24 1
0 3 18 18 1
2 1 18 18 1
2 7 18 18 1
3 8 18 18 1
3 13 18 18 1
5 11 18 18 1
6 10 18 18 1
4 11 18 18 1
4 15 18 18 1
5 14 18 18 1
0 26 25 37 1
1 2 25 37 1
2 4 25 37 1
3 5 25 37 1
4 8 25 37 1
4 6 25 37 1
2 1 25 37 1
2 17 25 37 1
3 10 25 37 1
4 12 25 37 1
5 21 25 37 1
7 20 25 37 1
6 20 25 37 1
6 23 25 37 1
6 24 25 37 1
3 16 25 37 1
2 34 25 37 1
2 35 25 37 1
2 29 25 37 1
3 28 25 37 1
3 32 25 37 1
0 2 29 35 1
3 3 29 35 1
3 4 29 35 1
3 5 29 35 1
5 9 29 35 1
5 10 29 35 1
5 11 29 35 1
3 7 29 35 1
2 16 29 35 1
4 13 29 35 1
3 13 29 35 1
3 18 29 35 1
3 19 29 35 1
4 21 29 35 1
5 22 29 35 1
3 17 29 35 1
4 27 29 35 1
5 33 29 35 1
6 32 29 35 1
6 29 29 35 1
5 26 29 35 1
0 17 18 25 1
2 1 18 25 1
3 7 18 25 1
6 6 18 25 1
5 5 18 25 1
4 12 18 25 1
6 10 18 25 1
1 1 18 25 1
1 20 18 25 1
2 22 18 25 1
1 23 18 25 1
2 19 18 25 1
0 7 11 15 1
1 9 11 15 1
2 10 11 15 1
2 13 11 15 1
3 12 11 15 1
1 2 11 15 1
3 4 11 15 1
2 4 11 15 1
2 1 11 15 1
0 6 14 21 1
1 0 14 21 1
2 5 14 21 1
3 3 14 21 1
2 8 14 21 1
2 17 14 21 1
1 14 14 21 1
2 13 14 21 1
0 6 22 25 1
2 5 22 25 1
3 4 22 25 1
4 2 22 25 1
1 5 22 25 1
2 11 22 25 1
3 8 22 25 1
2 7 22 25 1
1 11 22 25 1
1 0 22 25 1
3 18 22 25 1
4 16 22 25 1
6 14 22 25 1
7 13 22 25 1
5 14 22 25 1
5 17 22 25 1
4 19 22 25 1
5 23 22 25 1
6 22 22 25 1
0 6 9 12 1
1 3 9 12 1
2 1 9 12 1
2 2 9 12 1
1 8 9 12 1
2 10 9 12 1
3 9 9 12 1
2 7 9 12 1
1 5 9 12 1
0 9 25 35 1
1 10 25 35 1
3 0 25 35 1
3 4 25 35 1
2 18 25 35 1
3 7 25 35 1
1 21 25 35 1
2 20 25 35 1
3 30 25 35 1
4 29 25 35 1
4 33 25 35 1
7 25 25 35 1
1 32 25 35 1
2 24 25 35 1
2 16 25 35 1
1 17 25 35 1
0 9 15 21 1
1 1 15 21 1
2 0 15 21 1
2 7 15 21 1
3 6 15 21 1
4 4 15 21 1
3 8 15 21 1
1 12 15 21 1
2 14 15 21 1
3 13 15 21 1
2 17 15 21 1
4 19 15 21 1
3 19 15 21 1
2 11 15 21 1
0 6 13 20 1
1 10 13 20 1
2 9 13 20 1
1 13 13 20 1
2 12 13 20 1
3 18 13 20 1
4 17 13 20 1
2 4 13 20 1
1 5 13 20 1
1 1 13 20 1
3 5 25 32 1
5 1 25 32 1
5 3 25 32 1
4 4 25 32 1
2 5 25 32 1
2 11 25 32 1
3 13 25 32 1
2 14 25 32 1
3 10 25 32 1
3 9 25 32 1
1 22 25 32 1
3 21 25 32 1
5 17 25 32 1
5 19 25 32 1
4 20 25 32 1
2 21 25 32 1
2 27 25 32 1
3 29 25 32 1
2 30 25 32 1
3 26 25 32 1
3 25 25 32 1
0 25 24 29 1
3 0 24 29 1
3 1 24 29 1
3 22 24 29 1
5 6 24 29 1
5 7 24 29 1
5 8 24 29 1
5 9 24 29 1
4 12 24 29 1
5 16 24 29 1
6 15 24 29 1
7 14 24 29 1
7 18 24 29 1
7 21 24 29 1
8 19 24 29 1
3 4 24 29 1
4 3 24 29 1
1 27 24 29 1
1 0 17 16 1
3 2 17 16 1
3 3 17 16 1
3 4 17 16 1
2 14 17 16 1
5 8 17 16 1
5 9 17 16 1
3 11 17 16 1
4 10 17 16 1
1 14 17 16 1
0 2 15 12 1
3 0 15 12 1
3 1 15 12 1
1 10 15 12 1
4 9 15 12 1
6 5 15 12 1
6 6 15 12 1
0 3 25 27 1
3 0 25 27 1
3 1 25 27 1
3 2 25 27 1
1 9 25 27 1
2 8 25 27 1
4 5 25 27 1
4 6 25 27 1
4 7 25 27 1
5 14 25 27 1
5 15 25 27 1
5 16 25 27 1
5 18 25 27 1
4 23 25 27 1
0 8 13 17 1
2 0 13 17 1
1 6 13 17 1
2 4 13 17 1
1 10 13 17 1
2 15 13 17 1
3 14 13 17 1
4 13 13 17 1
1 7 13 17 1
0 9 16 15 1
3 0 16 15 1
3 1 16 15 1
2 3 16 15 1
5 5 16 15 1
6 7 16 15 1
1 13 16 15 1
2 10 16 15 1
2 11 16 15 1
2 12 16 15 1
0 4 15 14 1
1 1 15 14 1
2 0 15 14 1
1 5 15 14 1
2 7 15 14 1
4 9 15 14 1
6 10 15 14 1
0 3 20 20 1
2 2 20 20 1
2 1 20 20 1
2 8 20 20 1
3 7 20 20 1
5 6 20 20 1
2 13 20 20 1
3 12 20 20 1
5 10 20 20 1
3 15 20 20 1
4 18 20 20 1
6 17 20 20 1
0 21 20 23 1
3 20 20 23 1
1 9 20 23 1
2 7 20 23 1
2 11 20 23 1
3 14 20 23 1
4 13 20 23 1
4 12 20 23 1
4 17 20 23 1
5 8 20 23 1
3 5 20 23 1
2 0 20 23 1
3 2 20 23 1
6 1 20 23 1
0 5 16 18 1
2 3 16 18 1
3 4 16 18 1
5 1 16 18 1
1 3 16 18 1
2 10 16 18 1
2 14 16 18 1
0 7 12 18 1
1 0 12 18 1
2 2 12 18 1
3 5 12 18 1
4 4 12 18 1
1 10 12 18 1
2 12 12 18 1
4 16 12 18 1
6 15 12 18 1
7 13 12 18 1
5 15 12 18 1
3 16 12 18 1
1 3 19 28 1
4 1 19 28 1
2 5 19 28 1
3 7 19 28 1
4 9 19 28 1
1 18 19 28 1
2 20 19 28 1
3 17 19 28 1
5 15 19 28 1
4 23 19 28 1
5 22 19 28 1
0 2 17 18 1
3 1 17 18 1
1 6 17 18 1
4 4 17 18 1
3 8 17 18 1
3 9 17 18 1
2 14 17 18 1
3 13 17 18 1
5 11 17 18 1
3 15 17 18 1
0 4 32 26 1
3 0 32 26 1
3 1 32 26 1
3 2 32 26 1
1 8 32 26 1
2 7 32 26 1
3 6 32 26 1
3 5 32 26 1
3 10 32 26 1
3 9 32 26 1
2 10 32 26 1
3 17 32 26 1
4 12 32 26 1
6 22 32 26 1
6 23 32 26 1
6 24 32 26 1
6 20 32 26 1
6 13 32 26 1
4 16 32 26 1
0 6 20 19 1
1 4 20 19 1
1 15 20 19 1
2 17 20 19 1
3 12 20 19 1
3 14 20 19 1
3 16 20 19 1
4 7 20 19 1
4 9 20 19 1
2 3 20 19 1
3 2 20 19 1
2 2 19 20 1
2 3 19 20 1
2 18 19 20 1
4 14 19 20 1
5 17 19 20 1
5 15 19 20 1
2 12 19 20 1
3 11 19 20 1
3 10 19 20 1
2 5 19 20 1
2 6 19 20 1
1 0 12 14 1
3 9 12 14 1
1 7 12 14 1
2 5 12 14 1
3 6 12 14 1
2 11 12 14 1
2 12 12 14 1
0 15 24 31 1
1 13 24 31 1
2 12 24 31 1
2 10 24 31 1
1 23 24 31 1
2 22 24 31 1
2 27 24 31 1
5 25 24 31 1
5 26 24 31 1
5 28 24 31 1
5 29 24 31 1
2 20 24 31 1
3 19 24 31 1
1 14 24 31 1
1 7 24 31 1
0 2 3 4 1
1 1 3 4 1
1 0 3 4 1
0 5 19 18 1
3 1 19 18 1
3 2 19 18 1
3 3 19 18 1
3 4 19 18 1
1 16 19 18 1
2 15 19 18 1
3 14 19 18 1
4 11 19 18 1
4 9 19 18 1
0 0 13 18 1
1 3 13 18 1
2 2 13 18 1
2 5 13 18 1
3 7 13 18 1
3 11 13 18 1
4 10 13 18 1
4 13 13 18 1
5 12 13 18 1
4 8 13 18 1
6 15 13 18 1
0 7 20 39 1
2 18 20 39 1
3 21 20 39 1
3 15 20 39 1
6 19 20 39 1
2 32 20 39 1
3 31 20 39 1
3 37 20 39 1
4 35 20 39 1
2 9 20 39 1
2 10 20 39 1
1 1 20 39 1
0 2 30 31 1
3 14 30 31 1
4 10 30 31 1
5 24 30 31 1
8 12 30 31 1
8 13 30 31 1
8 15 30 31 1
8 22 30 31 1
8 23 30 31 1
8 26 30 31 1
8 27 30 31 1
8 28 30 31 1
8 29 30 31 1
3 8 30 31 1
2 6 30 31 1
1 6 30 31 1
0 5 29 28 1
3 4 29 28 1
3 7 29 28 1
3 8 29 28 1
3 9 29 28 1
3 10 29 28 1
3 6 29 28 1
1 13 29 28 1
2 19 29 28 1
5 16 29 28 1
5 17 29 28 1
5 18 29 28 1
5 25 29 28 1
5 26 29 28 1
4 24 29 28 1
4 21 29 28 1
1 1 29 28 1
0 3 4 5 1
1 1 4 5 1
2 0 4 5 1
2 2 4 5 1
0 15 26 29 1
1 12 26 29 1
4 11 26 29 1
4 14 26 29 1
2 9 26 29 1
2 7 26 29 1
3 6 26 29 1
3 18 26 29 1
3 19 26 29 1
3 20 26 29 1
2 25 26 29 1
3 24 26 29 1
3 27 26 29 1
4 26 26 29 1
2 2 26 29 1
2 1 26 29 1
1 3 14 16 1
1 4 14 16 1
4 1 14 16 1
2 11 14 16 1
5 10 14 16 1
6 9 14 16 1
3 14 14 16 1
4 13 14 16 1
0 4 11 19 1
1 2 11 19 1
2 1 11 19 1
1 7 11 19 1
2 14 11 19 1
3 11 11 19 1
4 10 11 19 1
4 12 11 19 1
4 16 11 19 1
0 10 22 31 1
1 9 22 31 1
1 16 22 31 1
2 15 22 31 1
3 22 22 31 1
5 20 22 31 1
5 21 22 31 1
3 19 22 31 1
3 17 22 31 1
2 22 22 31 1
1 29 22 31 1
2 27 22 31 1
3 25 22 31 1
2 28 22 31 1
1 0 22 31 1
1 6 22 31 1
2 4 22 31 1
0 7 18 16 1
6 4 18 16 1
6 5 18 16 1
3 6 18 16 1
1 13 18 16 1
2 12 18 16 1
1 0 18 16 1
2 2 18 16 1
3 9 18 16 1
0 5 16 22 1
2 1 16 22 1
3 0 16 22 1
1 9 16 22 1
2 10 16 22 1
3 13 16 22 1
3 18 16 22 1
4 19 16 22 1
5 16 16 22 1
5 15 16 22 1
2 8 16 22 1
0 5 13 19 1
1 9 13 19 1
2 12 13 19 1
2 8 13 19 1
1 13 13 19 1
2 14 13 19 1
3 16 13 19 1
3 17 13 19 1
1 1 13 19 1
2 0 13 19 1
1 3 9 14 1
1 7 9 14 1
2 6 9 14 1
2 8 9 14 1
3 11 9 14 1
1 1 9 14 1
2 0 9 14 1
1 16 32 38 1
4 18 32 38 1
1 3 32 38 1
2 23 32 38 1
3 22 32 38 1
5 8 32 38 1
2 26 32 38 1
3 25 32 38 1
2 29 32 38 1
3 28 32 38 1
2 32 32 38 1
3 31 32 38 1
3 36 32 38 1
4 35 32 38 1
1 0 32 38 1
2 30 32 38 1
3 2 32 38 1
3 4 32 38 1
3 10 32 38 1
5 21 32 38 1
5 9 32 38 1
4 7 32 38 1
0 15 13 22 1
3 14 13 22 1
1 20 13 22 1
2 19 13 22 1
1 17 13 22 1
2 0 13 22 1
3 7 13 22 1
4 2 13 22 1
4 5 13 22 1
3 10 13 22 1
0 5 15 23 1
3 4 15 23 1
3 3 15 23 1
1 11 15 23 1
3 9 15 23 1
4 7 15 23 1
2 14 15 23 1
3 18 15 23 1
4 17 15 23 1
3 21 15 23 1
4 20 15 23 1
1 6 12 17 1
2 4 12 17 1
2 11 12 17 1
4 10 12 17 1
5 13 12 17 1
4 15 12 17 1
2 2 12 17 1
1 23 22 27 1
3 22 22 27 1
2 24 22 27 1
4 25 22 27 1
1 2 22 27 1
2 15 22 27 1
4 0 22 27 1
4 1 22 27 1
2 5 22 27 1
3 4 22 27 1
4 7 22 27 1
3 13 22 27 1
4 18 22 27 1
3 11 22 27 1
0 8 29 34 1
1 1 29 34 1
4 4 29 34 1
4 5 29 34 1
4 6 29 34 1
4 7 29 34 1
2 0 29 34 1
1 11 29 34 1
2 10 29 34 1
2 9 29 34 1
2 18 29 34 1
3 17 29 34 1
4 20 29 34 1
5 19 29 34 1
2 22 29 34 1
3 24 29 34 1
3 32 29 34 1
4 31 29 34 1
5 29 29 34 1
6 26 29 34 1
6 27 29 34 1
3 13 29 34 1
3 0 32 35 1
5 2 32 35 1
2 0 32 35 1
3 5 32 35 1
3 13 32 35 1
4 12 32 35 1
5 11 32 35 1
5 10 32 35 1
5 17 32 35 1
8 16 32 35 1
1 21 32 35 1
3 20 32 35 1
2 20 32 35 1
2 30 32 35 1
3 29 32 35 1
4 33 32 35 1
4 32 32 35 1
3 24 32 35 1
0 11 21 26 1
1 4 21 26 1
5 0 21 26 1
5 1 21 26 1
2 7 21 26 1
4 9 21 26 1
1 13 21 26 1
2 12 21 26 1
2 22 21 26 1
3 18 21 26 1
4 17 21 26 1
4 16 21 26 1
3 21 21 26 1
4 20 21 26 1
3 24 21 26 1
4 23 21 26 1
0 2 16 21 1
4 0 16 21 1
3 1 16 21 1
1 11 16 21 1
3 3 16 21 1
3 6 16 21 1
4 9 16 21 1
2 3 16 21 1
2 12 16 21 1
4 17 16 21 1
4 15 16 21 1
0 8 16 21 1
3 5 16 21 1
3 6 16 21 1
1 11 16 21 1
2 10 16 21 1
3 13 16 21 1
3 19 16 21 1
4 18 16 21 1
2 3 16 21 1
2 2 16 21 1
1 3 16 21 1
0 10 23 24 1
2 9 23 24 1
3 6 23 24 1
2 8 23 24 1
1 9 23 24 1
1 12 23 24 1
2 11 23 24 1
4 1 23 24 1
4 18 23 24 1
5 17 23 24 1
4 3 23 24 1
2 20 23 24 1
2 0 8 11 1
1 0 8 11 1
1 9 8 11 1
2 8 8 11 1
2 3 8 11 1
0 17 24 29 1
1 11 24 29 1
2 9 24 29 1
4 0 24 29 1
2 14 24 29 1
3 12 24 29 1
3 13 24 29 1
4 16 24 29 1
1 18 24 29 1
2 21 24 29 1
3 25 24 29 1
4 23 24 29 1
6 27 24 29 1
2 2 24 29 1
3 4 24 29 1
6 8 24 29 1
5 7 24 29 1
0 3 21 29 1
1 19 21 29 1
2 1 21 29 1
2 24 21 29 1
2 21 21 29 1
4 5 21 29 1
5 11 21 29 1
5 12 21 29 1
5 13 21 29 1
1 23 21 29 1
3 27 21 29 1
0 19 51 45 1
1 12 51 45 1
2 0 51 45 1
3 2 51 45 1
5 4 51 45 1
4 4 51 45 1
5 3 51 45 1
5 7 51 45 1
6 6 51 45 1
8 10 51 45 1
6 8 51 45 1
2 14 51 45 1
3 13 51 45 1
3 32 51 45 1
4 17 51 45 1
1 20 51 45 1
3 34 51 45 1
6 25 51 45 1
6 27 51 45 1
7 31 51 45 1
7 28 51 45 1
7 29 51 45 1
6 39 51 45 1
6 40 51 45 1
6 41 51 45 1
6 42 51 45 1
6 43 51 45 1
7 35 51 45 1
7 36 51 45 1
7 37 51 45 1
3 22 51 45 1
0 8 19 20 1
2 4 19 20 1
3 0 19 20 1
3 1 19 20 1
3 6 19 20 1
7 5 19 20 1
3 3 19 20 1
1 14 19 20 1
2 12 19 20 1
2 16 19 20 1
3 15 19 20 1
3 18 19 20 1
0 10 11 14 1
1 6 11 14 1
2 5 11 14 1
2 1 11 14 1
4 8 11 14 1
2 11 11 14 1
