8 0 18 16 1
0 3 18 16 1
1 3 18 16 1
3 3 18 16 1
4 3 18 16 1
10 1 18 16 1
14 3 18 16 1
15 2 18 16 1
16 2 18 16 1
0 3 13 14 1
1 3 13 14 1
11 1 13 14 1
5 3 13 14 1
6 3 13 14 1
10 2 13 14 1
3 1 13 14 1
16 0 26 25 1
0 3 26 25 1
1 3 26 25 1
3 3 26 25 1
4 3 26 25 1
24 3 26 25 1
10 5 26 25 1
11 5 26 25 1
12 5 26 25 1
13 5 26 25 1
23 4 26 25 1
8 3 26 25 1
7 3 26 25 1
19 1 26 25 1
34 0 36 30 1
33 2 36 30 1
33 1 36 30 1
12 1 36 30 1
3 2 36 30 1
1 3 36 30 1
5 3 36 30 1
7 4 36 30 1
10 6 36 30 1
9 6 36 30 1
8 8 36 30 1
4 4 36 30 1
14 2 36 30 1
15 3 36 30 1
17 8 36 30 1
24 6 36 30 1
29 10 36 30 1
30 10 36 30 1
30 0 32 24 1
29 2 32 24 1
29 1 32 24 1
8 2 32 24 1
4 3 32 24 1
2 4 32 24 1
1 5 32 24 1
11 3 32 24 1
13 4 32 24 1
21 2 32 24 1
17 4 32 24 1
16 5 32 24 1
22 3 32 24 1
24 4 32 24 1
27 5 32 24 1
26 9 32 24 1
17 0 28 27 1
4 1 28 27 1
0 3 28 27 1
1 3 28 27 1
10 4 28 27 1
11 4 28 27 1
9 3 28 27 1
6 6 28 27 1
7 6 28 27 1
13 2 28 27 1
15 3 28 27 1
14 5 28 27 1
18 1 28 27 1
19 2 28 27 1
22 4 28 27 1
24 3 28 27 1
23 3 28 27 1
26 2 28 27 1
14 0 35 29 1
13 2 35 29 1
12 3 35 29 1
13 1 35 29 1
20 1 35 29 1
18 3 35 29 1
19 3 35 29 1
21 3 35 29 1
22 3 35 29 1
16 2 35 29 1
25 2 35 29 1
28 3 35 29 1
30 4 35 29 1
29 5 35 29 1
33 4 35 29 1
26 4 35 29 1
4 1 35 29 1
2 3 35 29 1
1 3 35 29 1
2 2 35 29 1
8 5 35 29 1
3 0 12 10 1
1 5 12 10 1
10 1 12 10 1
6 2 12 10 1
9 2 12 10 1
2 0 16 16 1
0 1 16 16 1
6 1 16 16 1
4 4 16 16 1
7 4 16 16 1
11 4 16 16 1
10 5 16 16 1
14 5 16 16 1
12 6 16 16 1
13 6 16 16 1
3 0 10 6 1
2 1 10 6 1
7 1 10 6 1
1 4 21 17 1
4 3 21 17 1
6 3 21 17 1
4 2 21 17 1
13 1 21 17 1
19 4 21 17 1
18 6 21 17 1
14 0 27 24 1
15 3 27 24 1
16 3 27 24 1
17 3 27 24 1
24 5 27 24 1
25 5 27 24 1
19 6 27 24 1
2 1 27 24 1
3 2 27 24 1
1 2 27 24 1
5 2 27 24 1
4 5 27 24 1
4 4 27 24 1
2 0 23 25 1
1 3 23 25 1
4 1 23 25 1
6 3 23 25 1
6 2 23 25 1
12 2 23 25 1
9 5 23 25 1
10 5 23 25 1
11 5 23 25 1
15 3 23 25 1
18 4 23 25 1
17 6 23 25 1
21 6 23 25 1
20 6 23 25 1
3 0 34 27 1
1 5 34 27 1
2 3 34 27 1
23 1 34 27 1
6 2 34 27 1
4 3 34 27 1
11 4 34 27 1
10 5 34 27 1
9 6 34 27 1
14 3 34 27 1
15 4 34 27 1
21 4 34 27 1
22 6 34 27 1
18 5 34 27 1
24 2 34 27 1
30 4 34 27 1
28 5 34 27 1
27 6 34 27 1
32 4 34 27 1
17 0 19 14 1
16 1 19 14 1
13 1 19 14 1
8 2 19 14 1
7 4 19 14 1
11 4 19 14 1
1 4 19 14 1
3 4 19 14 1
12 0 22 14 1
10 2 22 14 1
20 4 22 14 1
19 5 22 14 1
1 4 22 14 1
4 4 22 14 1
8 5 22 14 1
5 5 22 14 1
6 0 19 17 1
12 2 19 17 1
4 4 19 17 1
16 4 19 17 1
17 5 19 17 1
15 5 19 17 1
16 3 19 17 1
12 1 19 17 1
10 1 19 17 1
9 2 19 17 1
7 3 19 17 1
21 0 23 19 1
20 2 23 19 1
20 1 23 19 1
15 1 23 19 1
17 3 23 19 1
17 2 23 19 1
14 3 23 19 1
1 2 23 19 1
3 4 23 19 1
11 6 23 19 1
7 7 23 19 1
6 8 23 19 1
10 7 23 19 1
9 8 23 19 1
12 7 23 19 1
20 0 24 15 1
22 3 24 15 1
3 1 24 15 1
7 2 24 15 1
6 2 24 15 1
13 4 24 15 1
17 5 24 15 1
16 6 24 15 1
14 7 24 15 1
13 3 24 15 1
34 0 36 33 1
33 1 36 33 1
18 1 36 33 1
22 2 36 33 1
25 5 36 33 1
27 4 36 33 1
31 4 36 33 1
30 5 36 33 1
11 7 36 33 1
24 4 36 33 1
1 3 36 33 1
4 7 36 33 1
3 8 36 33 1
17 8 36 33 1
16 9 36 33 1
12 11 36 33 1
14 0 23 16 1
1 1 23 16 1
5 2 23 16 1
7 5 23 16 1
8 5 23 16 1
9 5 23 16 1
10 5 23 16 1
18 1 23 16 1
21 3 23 16 1
20 3 23 16 1
16 3 23 16 1
40 0 42 31 1
39 3 42 31 1
2 1 42 31 1
4 2 42 31 1
1 4 42 31 1
1 3 42 31 1
7 4 42 31 1
12 6 42 31 1
10 9 42 31 1
16 7 42 31 1
17 8 42 31 1
18 9 42 31 1
14 8 42 31 1
20 7 42 31 1
19 8 42 31 1
28 8 42 31 1
30 9 42 31 1
34 10 42 31 1
33 11 42 31 1
32 12 42 31 1
36 11 42 31 1
35 12 42 31 1
26 9 42 31 1
23 10 42 31 1
24 10 42 31 1
7 3 42 31 1
37 3 54 38 1
38 3 54 38 1
39 3 54 38 1
50 3 54 38 1
52 4 54 38 1
47 4 54 38 1
4 6 54 38 1
49 6 54 38 1
42 3 54 38 1
1 4 54 38 1
8 2 54 38 1
12 3 54 38 1
11 4 54 38 1
15 4 54 38 1
14 5 54 38 1
17 5 54 38 1
25 6 54 38 1
20 7 54 38 1
22 8 54 38 1
31 7 54 38 1
33 8 54 38 1
28 7 54 38 1
7 5 54 38 1
6 4 54 38 1
17 0 19 14 1
16 3 19 14 1
6 1 19 14 1
5 2 19 14 1
3 3 19 14 1
2 4 19 14 1
1 4 19 14 1
0 5 19 14 1
10 2 19 14 1
13 3 19 14 1
8 4 19 14 1
7 0 18 15 1
4 3 18 15 1
5 3 18 15 1
6 3 18 15 1
10 1 18 15 1
16 3 18 15 1
13 4 18 15 1
12 5 18 15 1
9 2 18 15 1
1 2 18 15 1
14 0 16 12 1
11 2 16 12 1
10 3 16 12 1
8 4 16 12 1
5 3 16 12 1
4 3 16 12 1
3 4 16 12 1
5 2 16 12 1
0 1 16 12 1
1 3 16 12 1
14 0 21 15 1
5 3 21 15 1
7 4 21 15 1
8 5 21 15 1
11 8 21 15 1
12 7 21 15 1
0 2 21 15 1
1 3 21 15 1
16 1 21 15 1
19 2 21 15 1
6 0 13 6 1
0 1 13 6 1
3 2 13 6 1
11 2 13 6 1
9 3 13 6 1
17 0 34 26 1
1 1 34 26 1
8 2 34 26 1
7 3 34 26 1
4 3 34 26 1
3 4 34 26 1
2 4 34 26 1
12 2 34 26 1
11 3 34 26 1
14 1 34 26 1
20 2 34 26 1
19 3 34 26 1
16 4 34 26 1
25 3 34 26 1
18 4 34 26 1
22 1 34 26 1
24 3 34 26 1
21 2 34 26 1
28 1 34 26 1
29 2 34 26 1
31 3 34 26 1
32 5 34 26 1
1 0 24 14 1
3 1 24 14 1
6 2 24 14 1
5 3 24 14 1
10 3 24 14 1
14 5 24 14 1
14 4 24 14 1
20 3 24 14 1
19 4 24 14 1
18 5 24 14 1
22 4 24 14 1
19 0 33 29 1
20 3 33 29 1
21 3 33 29 1
29 5 33 29 1
30 5 33 29 1
31 5 33 29 1
24 3 33 29 1
23 4 33 29 1
27 4 33 29 1
26 5 33 29 1
4 1 33 29 1
3 2 33 29 1
12 2 33 29 1
10 5 33 29 1
11 7 33 29 1
11 6 33 29 1
5 6 33 29 1
16 3 33 29 1
15 4 33 29 1
13 5 33 29 1
5 2 15 12 1
2 3 15 12 1
8 3 15 12 1
11 6 15 12 1
12 6 15 12 1
3 0 10 7 1
2 1 10 7 1
0 1 10 7 1
7 1 10 7 1
6 2 10 7 1
8 1 10 7 1
7 0 23 17 1
9 1 23 17 1
0 3 23 17 1
6 4 23 17 1
5 5 23 17 1
4 5 23 17 1
2 6 23 17 1
0 2 23 17 1
16 2 23 17 1
15 4 23 17 1
14 5 23 17 1
15 3 23 17 1
18 3 23 17 1
21 4 23 17 1
20 5 23 17 1
17 4 23 17 1
19 0 38 32 1
6 2 38 32 1
11 3 38 32 1
9 4 38 32 1
12 4 38 32 1
16 7 38 32 1
17 7 38 32 1
18 7 38 32 1
14 8 38 32 1
4 4 38 32 1
5 3 38 32 1
1 2 38 32 1
6 1 38 32 1
21 1 38 32 1
28 2 38 32 1
31 1 38 32 1
30 2 38 32 1
27 2 38 32 1
34 1 38 32 1
35 2 38 32 1
36 4 38 32 1
2 0 16 15 1
1 2 16 15 1
0 3 16 15 1
1 1 16 15 1
6 1 16 15 1
3 2 16 15 1
10 4 16 15 1
10 3 16 15 1
11 2 16 15 1
9 5 16 15 1
14 4 16 15 1
23 3 26 23 1
24 3 26 23 1
7 1 26 23 1
1 2 26 23 1
6 4 26 23 1
4 5 26 23 1
6 3 26 23 1
0 3 26 23 1
10 3 26 23 1
12 3 26 23 1
13 3 26 23 1
17 4 26 23 1
18 5 26 23 1
19 7 26 23 1
3 0 24 21 1
5 1 24 21 1
1 2 24 21 1
0 3 24 21 1
6 2 24 21 1
8 3 24 21 1
7 4 24 21 1
11 3 24 21 1
15 4 24 21 1
13 6 24 21 1
12 7 24 21 1
13 5 24 21 1
18 5 24 21 1
17 6 24 21 1
16 7 24 21 1
22 5 24 21 1
21 6 24 21 1
3 0 18 18 1
1 2 18 18 1
7 2 18 18 1
8 3 18 18 1
13 3 18 18 1
11 5 18 18 1
10 6 18 18 1
11 4 18 18 1
15 4 18 18 1
14 5 18 18 1
26 0 37 25 1
2 1 37 25 1
4 2 37 25 1
5 3 37 25 1
8 4 37 25 1
6 4 37 25 1
1 2 37 25 1
17 2 37 25 1
10 3 37 25 1
12 4 37 25 1
21 5 37 25 1
20 7 37 25 1
20 6 37 25 1
23 6 37 25 1
24 6 37 25 1
16 3 37 25 1
34 2 37 25 1
35 2 37 25 1
29 2 37 25 1
28 3 37 25 1
32 3 37 25 1
2 0 35 29 1
3 3 35 29 1
4 3 35 29 1
5 3 35 29 1
9 5 35 29 1
10 5 35 29 1
11 5 35 29 1
7 3 35 29 1
16 2 35 29 1
13 4 35 29 1
13 3 35 29 1
18 3 35 29 1
19 3 35 29 1
21 4 35 29 1
22 5 35 29 1
17 3 35 29 1
27 4 35 29 1
33 5 35 29 1
32 6 35 29 1
29 6 35 29 1
26 5 35 29 1
17 0 25 18 1
1 2 25 18 1
7 3 25 18 1
6 6 25 18 1
5 5 25 18 1
12 4 25 18 1
10 6 25 18 1
1 1 25 18 1
20 1 25 18 1
22 2 25 18 1
23 1 25 18 1
19 2 25 18 1
7 0 15 11 1
9 1 15 11 1
10 2 15 11 1
13 2 15 11 1
12 3 15 11 1
2 1 15 11 1
4 3 15 11 1
4 2 15 11 1
1 2 15 11 1
6 0 21 14 1
0 1 21 14 1
5 2 21 14 1
3 3 21 14 1
8 2 21 14 1
17 2 21 14 1
14 1 21 14 1
13 2 21 14 1
6 0 25 22 1
5 2 25 22 1
4 3 25 22 1
2 4 25 22 1
5 1 25 22 1
11 2 25 22 1
8 3 25 22 1
7 2 25 22 1
11 1 25 22 1
0 1 25 22 1
18 3 25 22 1
16 4 25 22 1
14 6 25 22 1
13 7 25 22 1
14 5 25 22 1
17 5 25 22 1
19 4 25 22 1
23 5 25 22 1
22 6 25 22 1
6 0 12 9 1
3 1 12 9 1
1 2 12 9 1
2 2 12 9 1
8 1 12 9 1
10 2 12 9 1
9 3 12 9 1
7 2 12 9 1
5 1 12 9 1
9 0 35 25 1
10 1 35 25 1
0 3 35 25 1
4 3 35 25 1
18 2 35 25 1
7 3 35 25 1
21 1 35 25 1
20 2 35 25 1
30 3 35 25 1
29 4 35 25 1
33 4 35 25 1
25 7 35 25 1
32 1 35 25 1
24 2 35 25 1
16 2 35 25 1
17 1 35 25 1
9 0 21 15 1
1 1 21 15 1
0 2 21 15 1
7 2 21 15 1
6 3 21 15 1
4 4 21 15 1
8 3 21 15 1
12 1 21 15 1
14 2 21 15 1
13 3 21 15 1
17 2 21 15 1
19 4 21 15 1
19 3 21 15 1
11 2 21 15 1
6 0 20 13 1
10 1 20 13 1
9 2 20 13 1
13 1 20 13 1
12 2 20 13 1
18 3 20 13 1
17 4 20 13 1
4 2 20 13 1
5 1 20 13 1
1 1 20 13 1
5 3 32 25 1
1 5 32 25 1
3 5 32 25 1
4 4 32 25 1
5 2 32 25 1
11 2 32 25 1
13 3 32 25 1
14 2 32 25 1
10 3 32 25 1
9 3 32 25 1
22 1 32 25 1
21 3 32 25 1
17 5 32 25 1
19 5 32 25 1
20 4 32 25 1
21 2 32 25 1
27 2 32 25 1
29 3 32 25 1
30 2 32 25 1
26 3 32 25 1
25 3 32 25 1
25 0 29 24 1
0 3 29 24 1
1 3 29 24 1
22 3 29 24 1
6 5 29 24 1
7 5 29 24 1
8 5 29 24 1
9 5 29 24 1
12 4 29 24 1
16 5 29 24 1
15 6 29 24 1
14 7 29 24 1
18 7 29 24 1
21 7 29 24 1
19 8 29 24 1
4 3 29 24 1
3 4 29 24 1
27 1 29 24 1
0 1 16 17 1
2 3 16 17 1
3 3 16 17 1
4 3 16 17 1
14 2 16 17 1
8 5 16 17 1
9 5 16 17 1
11 3 16 17 1
10 4 16 17 1
14 1 16 17 1
2 0 12 15 1
0 3 12 15 1
1 3 12 15 1
10 1 12 15 1
9 4 12 15 1
5 6 12 15 1
6 6 12 15 1
3 0 27 25 1
0 3 27 25 1
1 3 27 25 1
2 3 27 25 1
9 1 27 25 1
8 2 27 25 1
5 4 27 25 1
6 4 27 25 1
7 4 27 25 1
14 5 27 25 1
15 5 27 25 1
16 5 27 25 1
18 5 27 25 1
23 4 27 25 1
8 0 17 13 1
0 2 17 13 1
6 1 17 13 1
4 2 17 13 1
10 1 17 13 1
15 2 17 13 1
14 3 17 13 1
13 4 17 13 1
7 1 17 13 1
9 0 15 16 1
0 3 15 16 1
1 3 15 16 1
3 2 15 16 1
5 5 15 16 1
7 6 15 16 1
13 1 15 16 1
10 2 15 16 1
11 2 15 16 1
12 2 15 16 1
4 0 14 15 1
1 1 14 15 1
0 2 14 15 1
5 1 14 15 1
7 2 14 15 1
9 4 14 15 1
10 6 14 15 1
3 0 20 20 1
2 2 20 20 1
1 2 20 20 1
8 2 20 20 1
7 3 20 20 1
6 5 20 20 1
13 2 20 20 1
12 3 20 20 1
10 5 20 20 1
15 3 20 20 1
18 4 20 20 1
17 6 20 20 1
21 0 23 20 1
20 3 23 20 1
9 1 23 20 1
7 2 23 20 1
11 2 23 20 1
14 3 23 20 1
13 4 23 20 1
12 4 23 20 1
17 4 23 20 1
8 5 23 20 1
5 3 23 20 1
0 2 23 20 1
2 3 23 20 1
1 6 23 20 1
5 0 18 16 1
3 2 18 16 1
4 3 18 16 1
1 5 18 16 1
3 1 18 16 1
10 2 18 16 1
14 2 18 16 1
7 0 18 12 1
0 1 18 12 1
2 2 18 12 1
5 3 18 12 1
4 4 18 12 1
10 1 18 12 1
12 2 18 12 1
16 4 18 12 1
15 6 18 12 1
13 7 18 12 1
15 5 18 12 1
16 3 18 12 1
3 1 28 19 1
1 4 28 19 1
5 2 28 19 1
7 3 28 19 1
9 4 28 19 1
18 1 28 19 1
20 2 28 19 1
17 3 28 19 1
15 5 28 19 1
23 4 28 19 1
22 5 28 19 1
2 0 18 17 1
1 3 18 17 1
6 1 18 17 1
4 4 18 17 1
8 3 18 17 1
9 3 18 17 1
14 2 18 17 1
13 3 18 17 1
11 5 18 17 1
15 3 18 17 1
4 0 26 32 1
0 3 26 32 1
1 3 26 32 1
2 3 26 32 1
8 1 26 32 1
7 2 26 32 1
6 3 26 32 1
5 3 26 32 1
10 3 26 32 1
9 3 26 32 1
10 2 26 32 1
17 3 26 32 1
12 4 26 32 1
22 6 26 32 1
23 6 26 32 1
24 6 26 32 1
20 6 26 32 1
13 6 26 32 1
16 4 26 32 1
6 0 19 20 1
4 1 19 20 1
15 1 19 20 1
17 2 19 20 1
12 3 19 20 1
14 3 19 20 1
16 3 19 20 1
7 4 19 20 1
9 4 19 20 1
3 2 19 20 1
2 3 19 20 1
2 2 20 19 1
3 2 20 19 1
18 2 20 19 1
14 4 20 19 1
17 5 20 19 1
15 5 20 19 1
12 2 20 19 1
11 3 20 19 1
10 3 20 19 1
5 2 20 19 1
6 2 20 19 1
0 1 14 12 1
9 3 14 12 1
7 1 14 12 1
5 2 14 12 1
6 3 14 12 1
11 2 14 12 1
12 2 14 12 1
15 0 31 24 1
13 1 31 24 1
12 2 31 24 1
10 2 31 24 1
23 1 31 24 1
22 2 31 24 1
27 2 31 24 1
25 5 31 24 1
26 5 31 24 1
28 5 31 24 1
29 5 31 24 1
20 2 31 24 1
19 3 31 24 1
14 1 31 24 1
7 1 31 24 1
2 0 4 3 1
1 1 4 3 1
0 1 4 3 1
5 0 18 19 1
1 3 18 19 1
2 3 18 19 1
3 3 18 19 1
4 3 18 19 1
16 1 18 19 1
15 2 18 19 1
14 3 18 19 1
11 4 18 19 1
9 4 18 19 1
0 0 18 13 1
3 1 18 13 1
2 2 18 13 1
5 2 18 13 1
7 3 18 13 1
11 3 18 13 1
10 4 18 13 1
13 4 18 13 1
12 5 18 13 1
8 4 18 13 1
15 6 18 13 1
7 0 39 20 1
18 2 39 20 1
21 3 39 20 1
15 3 39 20 1
19 6 39 20 1
32 2 39 20 1
31 3 39 20 1
37 3 39 20 1
35 4 39 20 1
9 2 39 20 1
10 2 39 20 1
1 1 39 20 1
2 0 31 30 1
14 3 31 30 1
10 4 31 30 1
24 5 31 30 1
12 8 31 30 1
13 8 31 30 1
15 8 31 30 1
22 8 31 30 1
23 8 31 30 1
26 8 31 30 1
27 8 31 30 1
28 8 31 30 1
29 8 31 30 1
8 3 31 30 1
6 2 31 30 1
6 1 31 30 1
5 0 28 29 1
4 3 28 29 1
7 3 28 29 1
8 3 28 29 1
9 3 28 29 1
10 3 28 29 1
6 3 28 29 1
13 1 28 29 1
19 2 28 29 1
16 5 28 29 1
17 5 28 29 1
18 5 28 29 1
25 5 28 29 1
26 5 28 29 1
24 4 28 29 1
21 4 28 29 1
1 1 28 29 1
3 0 5 4 1
1 1 5 4 1
0 2 5 4 1
2 2 5 4 1
15 0 29 26 1
12 1 29 26 1
11 4 29 26 1
14 4 29 26 1
9 2 29 26 1
7 2 29 26 1
6 3 29 26 1
18 3 29 26 1
19 3 29 26 1
20 3 29 26 1
25 2 29 26 1
24 3 29 26 1
27 3 29 26 1
26 4 29 26 1
2 2 29 26 1
1 2 29 26 1
3 1 16 14 1
4 1 16 14 1
1 4 16 14 1
11 2 16 14 1
10 5 16 14 1
9 6 16 14 1
14 3 16 14 1
13 4 16 14 1
4 0 19 11 1
2 1 19 11 1
1 2 19 11 1
7 1 19 11 1
14 2 19 11 1
11 3 19 11 1
10 4 19 11 1
12 4 19 11 1
16 4 19 11 1
10 0 31 22 1
9 1 31 22 1
16 1 31 22 1
15 2 31 22 1
22 3 31 22 1
20 5 31 22 1
21 5 31 22 1
19 3 31 22 1
17 3 31 22 1
22 2 31 22 1
29 1 31 22 1
27 2 31 22 1
25 3 31 22 1
28 2 31 22 1
0 1 31 22 1
6 1 31 22 1
4 2 31 22 1
7 0 16 18 1
4 6 16 18 1
5 6 16 18 1
6 3 16 18 1
13 1 16 18 1
12 2 16 18 1
0 1 16 18 1
2 2 16 18 1
9 3 16 18 1
5 0 22 16 1
1 2 22 16 1
0 3 22 16 1
9 1 22 16 1
10 2 22 16 1
13 3 22 16 1
18 3 22 16 1
19 4 22 16 1
16 5 22 16 1
15 5 22 16 1
8 2 22 16 1
5 0 19 13 1
9 1 19 13 1
12 2 19 13 1
8 2 19 13 1
13 1 19 13 1
14 2 19 13 1
16 3 19 13 1
17 3 19 13 1
1 1 19 13 1
0 2 19 13 1
3 1 14 9 1
7 1 14 9 1
6 2 14 9 1
8 2 14 9 1
11 3 14 9 1
1 1 14 9 1
0 2 14 9 1
16 1 38 32 1
18 4 38 32 1
3 1 38 32 1
23 2 38 32 1
22 3 38 32 1
8 5 38 32 1
26 2 38 32 1
25 3 38 32 1
29 2 38 32 1
28 3 38 32 1
32 2 38 32 1
31 3 38 32 1
36 3 38 32 1
35 4 38 32 1
0 1 38 32 1
30 2 38 32 1
2 3 38 32 1
4 3 38 32 1
10 3 38 32 1
21 5 38 32 1
9 5 38 32 1
7 4 38 32 1
15 0 22 13 1
14 3 22 13 1
20 1 22 13 1
19 2 22 13 1
17 1 22 13 1
0 2 22 13 1
7 3 22 13 1
2 4 22 13 1
5 4 22 13 1
10 3 22 13 1
5 0 23 15 1
4 3 23 15 1
3 3 23 15 1
11 1 23 15 1
9 3 23 15 1
7 4 23 15 1
14 2 23 15 1
18 3 23 15 1
17 4 23 15 1
21 3 23 15 1
20 4 23 15 1
6 1 17 12 1
4 2 17 12 1
11 2 17 12 1
10 4 17 12 1
13 5 17 12 1
15 4 17 12 1
2 2 17 12 1
23 1 27 22 1
22 3 27 22 1
24 2 27 22 1
25 4 27 22 1
2 1 27 22 1
15 2 27 22 1
0 4 27 22 1
1 4 27 22 1
5 2 27 22 1
4 3 27 22 1
7 4 27 22 1
13 3 27 22 1
18 4 27 22 1
11 3 27 22 1
8 0 34 29 1
1 1 34 29 1
4 4 34 29 1
5 4 34 29 1
6 4 34 29 1
7 4 34 29 1
0 2 34 29 1
11 1 34 29 1
10 2 34 29 1
9 2 34 29 1
18 2 34 29 1
17 3 34 29 1
20 4 34 29 1
19 5 34 29 1
22 2 34 29 1
24 3 34 29 1
32 3 34 29 1
31 4 34 29 1
29 5 34 29 1
26 6 34 29 1
27 6 34 29 1
13 3 34 29 1
0 3 35 32 1
2 5 35 32 1
0 2 35 32 1
5 3 35 32 1
13 3 35 32 1
12 4 35 32 1
11 5 35 32 1
10 5 35 32 1
17 5 35 32 1
16 8 35 32 1
21 1 35 32 1
20 3 35 32 1
20 2 35 32 1
30 2 35 32 1
29 3 35 32 1
33 4 35 32 1
32 4 35 32 1
24 3 35 32 1
11 0 26 21 1
4 1 26 21 1
0 5 26 21 1
1 5 26 21 1
7 2 26 21 1
9 4 26 21 1
13 1 26 21 1
12 2 26 21 1
22 2 26 21 1
18 3 26 21 1
17 4 26 21 1
16 4 26 21 1
21 3 26 21 1
20 4 26 21 1
24 3 26 21 1
23 4 26 21 1
2 0 21 16 1
0 4 21 16 1
1 3 21 16 1
11 1 21 16 1
3 3 21 16 1
6 3 21 16 1
9 4 21 16 1
3 2 21 16 1
12 2 21 16 1
17 4 21 16 1
15 4 21 16 1
8 0 21 16 1
5 3 21 16 1
6 3 21 16 1
11 1 21 16 1
10 2 21 16 1
13 3 21 16 1
19 3 21 16 1
18 4 21 16 1
3 2 21 16 1
2 2 21 16 1
3 1 21 16 1
10 0 24 23 1
9 2 24 23 1
6 3 24 23 1
8 2 24 23 1
9 1 24 23 1
12 1 24 23 1
11 2 24 23 1
1 4 24 23 1
18 4 24 23 1
17 5 24 23 1
3 4 24 23 1
20 2 24 23 1
0 2 11 8 1
0 1 11 8 1
9 1 11 8 1
8 2 11 8 1
3 2 11 8 1
17 0 29 24 1
11 1 29 24 1
9 2 29 24 1
0 4 29 24 1
14 2 29 24 1
12 3 29 24 1
13 3 29 24 1
16 4 29 24 1
18 1 29 24 1
21 2 29 24 1
25 3 29 24 1
23 4 29 24 1
27 6 29 24 1
2 2 29 24 1
4 3 29 24 1
8 6 29 24 1
7 5 29 24 1
3 0 29 21 1
19 1 29 21 1
1 2 29 21 1
24 2 29 21 1
21 2 29 21 1
5 4 29 21 1
11 5 29 21 1
12 5 29 21 1
13 5 29 21 1
23 1 29 21 1
27 3 29 21 1
19 0 45 51 1
12 1 45 51 1
0 2 45 51 1
2 3 45 51 1
4 5 45 51 1
4 4 45 51 1
3 5 45 51 1
7 5 45 51 1
6 6 45 51 1
10 8 45 51 1
8 6 45 51 1
14 2 45 51 1
13 3 45 51 1
32 3 45 51 1
17 4 45 51 1
20 1 45 51 1
34 3 45 51 1
25 6 45 51 1
27 6 45 51 1
31 7 45 51 1
28 7 45 51 1
29 7 45 51 1
39 6 45 51 1
40 6 45 51 1
41 6 45 51 1
42 6 45 51 1
43 6 45 51 1
35 7 45 51 1
36 7 45 51 1
37 7 45 51 1
22 3 45 51 1
8 0 20 19 1
4 2 20 19 1
0 3 20 19 1
1 3 20 19 1
6 3 20 19 1
5 7 20 19 1
3 3 20 19 1
14 1 20 19 1
12 2 20 19 1
16 2 20 19 1
15 3 20 19 1
18 3 20 19 1
10 0 14 11 1
6 1 14 11 1
5 2 14 11 1
1 2 14 11 1
8 4 14 11 1
11 2 14 11 1
